cam0:
  cam_overlaps: [1]
  camera_model: pinhole
  distortion_coeffs: [-0.24931397365503535, 0.09676959223061847, -8.62638765756395e-05, 0.0003210388175990007]
  distortion_model: radtan
  intrinsics: [1763.7214664281494, 1763.5149287437544, 965.5331182957423, 590.7784767560498]
  resolution: [1920, 1200]
  rostopic: /camera/stereo_left/image_raw
cam1:
  T_cn_cnm1:
  - [0.9999686085466062, 0.0027016805636605645, -0.007448680654845851, -0.21499299541084738]
  - [-0.0027428896677120945, 0.9999809600897965, -0.005527749466196432, 0.000955653855951279]
  - [0.007433604619341435, 0.00554800685131295, 0.9999569796457959, -0.0007381109461810845]
  - [0.0, 0.0, 0.0, 1.0]
  cam_overlaps: [0]
  camera_model: pinhole
  distortion_coeffs: [-0.24899322283882414, 0.09411055727132289, 0.000657810549956836, -0.00014579692089693264]
  distortion_model: radtan
  intrinsics: [1762.1292336974304, 1762.1809011798239, 974.4047466752115, 616.36866390261]
  resolution: [1920, 1200]
  rostopic: /camera/stereo_right/image_raw
