cam0:
  cam_overlaps: [1]
  camera_model: pinhole
  distortion_coeffs: [-0.24392355630729784, 0.07744357272915593, 1.4279327002833613e-06, 0.0014511074958541079]
  distortion_model: radtan
  intrinsics: [888.7885835358655, 890.4567120268755, 484.81627762005587, 286.1045945706807]
  resolution: [960, 600]
  rostopic: /camera/stereo_left/image_raw
cam1:
  T_cn_cnm1:
  - [0.9999953671317539, 0.0030397510442238254, -0.00016008942321401467, -0.214465198013171]
  - [-0.0030406744285965638, 0.9999766267765651, -0.00612374065314685, 0.0011504041865814088]
  - [0.0001414710343631969, 0.006124199062478668, 0.9999812369098707, 0.00022602861211199878]
  - [0.0, 0.0, 0.0, 1.0]
  cam_overlaps: [0]
  camera_model: pinhole
  distortion_coeffs: [-0.2517624023557011, 0.09918183929066014, 0.0005655994245814744, 0.000439931788282176]
  distortion_model: radtan
  intrinsics: [889.6464274733288, 890.8567319297484, 482.6133640919943, 299.41248536168376]
  resolution: [960, 600]
  rostopic: /camera/stereo_right/image_raw
