cam0:
  cam_overlaps: [1]
  camera_model: pinhole
  distortion_coeffs: [-0.2513713831677778, 0.09373969318574382, 0.000792336681754153, -0.0010480834935442495]
  distortion_model: radtan
  intrinsics: [1763.6366817087478, 1767.1404034748323, 949.1755312987871, 618.2337160099628]
  resolution: [1920, 1200]
  rostopic: /camera/stereo_right/image_raw
cam1:
  T_cn_cnm1:
  - [0.9999791451248343, -0.0026606906823342822, 0.005884729433071998, 0.21494695049713597]
  - [0.002634732497106395, 0.9999867852246218, 0.004414471746057871, -0.00035199171409199724]
  - [-0.005896397211536538, -0.004398874994926687, 0.9999729408332532, -0.0034146767197368376]
  - [0.0, 0.0, 0.0, 1.0]
  cam_overlaps: [0]
  camera_model: pinhole
  distortion_coeffs: [-0.2512704844856846, 0.0933690064188576, 0.00012726691527609654, -2.859973917423374e-05]
  distortion_model: radtan
  intrinsics: [1765.645583855119, 1767.9393328069875, 942.812832693841, 594.3496750408883]
  resolution: [1920, 1200]
  rostopic: /camera/stereo_left/image_raw
