# oST version 5.0 parameters


[image]

width
1920

height
1200

[narrow_stereo]

camera matrix
1216.811569 0.000000 938.130340
0.000000 1217.063128 616.660788
0.000000 0.000000 1.000000

distortion
-0.226635 0.074972 0.000238 -0.000166 0.000000

rectification
1.000000 0.000000 0.000000
0.000000 1.000000 0.000000
0.000000 0.000000 1.000000

projection
1049.392944 0.000000 931.690877 0.000000
0.000000 1147.324341 618.414151 0.000000
0.000000 0.000000 1.000000 0.000000
