# oST version 5.0 parameters


[image]

width
1920

height
1200

[narrow_stereo]

camera matrix
1234.153150 0.000000 944.062140
0.000000 1232.001843 621.339648
0.000000 0.000000 1.000000

distortion
-0.207778 0.062992 0.000618 -0.001579 0.000000

rectification
1.000000 0.000000 0.000000
0.000000 1.000000 0.000000
0.000000 0.000000 1.000000

projection
1079.015137 0.000000 933.978705 0.000000
0.000000 1168.599243 623.766521 0.000000
0.000000 0.000000 1.000000 0.000000
