# oST version 5.0 parameters


[image]

width
1920

height
1200

[narrow_stereo]

camera matrix
1192.497173 0.000000 963.493020
0.000000 1196.426413 589.948406
0.000000 0.000000 1.000000

distortion
-0.224478 0.074474 0.001111 -0.000658 0.000000

rectification
1.000000 0.000000 0.000000
0.000000 1.000000 0.000000
0.000000 0.000000 1.000000

projection
1025.793701 0.000000 961.274511 0.000000
0.000000 1126.613770 589.488079 0.000000
0.000000 0.000000 1.000000 0.000000
